./scripts/pred/statistics/sc_driver_level_XGBoost_report2.txt:
AUC: 0.6297172860604936
              precision    recall  f1-score        support
0              0.999493  1.000000  0.999747  757424.000000
1              0.000000  0.000000  0.000000     384.000000
accuracy       0.999493  0.999493  0.999493       0.999493
macro avg      0.499747  0.500000  0.499873  757808.000000
weighted avg   0.998987  0.999493  0.999240  757808.000000

./scripts/pred/statistics/tn_county_level_XGBoost_report2.txt:
AUC: 0.6561913696060038
              precision    recall  f1-score   support
0              0.597561  0.628205    0.6125   78.0000
1              0.628205  0.597561    0.6125   82.0000
accuracy       0.612500  0.612500    0.6125    0.6125
macro avg      0.612883  0.612883    0.6125  160.0000
weighted avg   0.613266  0.612500    0.6125  160.0000

./scripts/pred/statistics/tn_county_level_report.txt:
AUC: 0.652673545966229
              precision    recall  f1-score  support
0              0.592105  0.576923  0.584416     78.0
1              0.607143  0.621951  0.614458     82.0
accuracy       0.600000  0.600000  0.600000      0.6
macro avg      0.599624  0.599437  0.599437    160.0
weighted avg   0.599812  0.600000  0.599812    160.0

Predicted Probabilities:
 No Risk  High Risk
    0.44       0.56
    0.53       0.47
    0.58       0.42
    0.66       0.34
    0.34       0.66
    0.82       0.18
    0.76       0.24
    0.37       0.63
    0.86       0.14
    0.21       0.79
    0.81       0.19
    0.41       0.59
    0.50       0.50
    0.53       0.47
    0.42       0.58
    0.28       0.72
    0.85       0.15
    0.64       0.36
    0.73       0.27
    0.42       0.58
    0.56       0.44
    0.68       0.32
    0.40       0.60
    0.60       0.40
    0.63       0.37
    0.78       0.22
    0.36       0.64
    0.50       0.50
    0.44       0.56
    0.38       0.62
    0.72       0.28
    0.20       0.80
    0.33       0.67
    0.58       0.42
    0.67       0.33
    0.53       0.47
    0.80       0.20
    0.81       0.19
    0.97       0.03
    0.40       0.60
    0.23       0.77
    0.62       0.38
    0.28       0.72
    0.28       0.72
    0.63       0.37
    0.47       0.53
    0.26       0.74
    0.38       0.62
    0.19       0.81
    0.93       0.07
    0.70       0.30
    0.74       0.26
    0.60       0.40
    0.47       0.53
    0.40       0.60
    0.87       0.13
    0.46       0.54
    0.49       0.51
    0.42       0.58
    0.57       0.43
    0.62       0.38
    0.62       0.38
    0.45       0.55
    0.51       0.49
    0.53       0.47
    0.45       0.55
    0.46       0.54
    0.29       0.71
    0.32       0.68
    0.27       0.73
    0.26       0.74
    0.51       0.49
    0.94       0.06
    0.61       0.39
    0.18       0.82
    0.35       0.65
    0.44       0.56
    0.29       0.71
    0.58       0.42
    0.51       0.49
    0.47       0.53
    0.36       0.64
    0.45       0.55
    0.55       0.45
    0.38       0.62
    0.62       0.38
    0.49       0.51
    0.36       0.64
    0.45       0.55
    0.25       0.75
    0.28       0.72
    0.56       0.44
    0.42       0.58
    0.50       0.50
    0.51       0.49
    0.56       0.44
    0.56       0.44
    0.51       0.49
    0.46       0.54
    0.43       0.57
    0.33       0.67
    0.73       0.27
    0.94       0.06
    0.79       0.21
    0.59       0.41
    0.63       0.37
    0.45       0.55
    0.53       0.47
    0.52       0.48
    0.34       0.66
    0.72       0.28
    0.59       0.41
    0.40       0.60
    0.33       0.67
    0.24       0.76
    0.47       0.53
    0.44       0.56
    0.25       0.75
    0.57       0.43
    0.95       0.05
    0.69       0.31
    0.39       0.61
    0.28       0.72
    0.49       0.51
    0.72       0.28
    0.38       0.62
    0.44       0.56
    0.46       0.54
    0.86       0.14
    0.92       0.08
    0.49       0.51
    0.25       0.75
    0.53       0.47
    0.30       0.70
    0.42       0.58
    0.25       0.75
    0.38       0.62
    0.62       0.38
    0.97       0.03
    0.49       0.51
    0.67       0.33
    0.19       0.81
    0.63       0.37
    0.95       0.05
    0.41       0.59
    0.47       0.53
    0.35       0.65
    0.56       0.44
    0.31       0.69
    0.41       0.59
    0.70       0.30
    0.47       0.53
    0.31       0.69
    0.86       0.14
    0.40       0.60
    0.58       0.42
    0.49       0.51
    0.59       0.41
    0.44       0.56
    0.41       0.59

./scripts/pred/statistics/sc_driver_level_report.txt:
AUC: 0.5209122603940022
              precision    recall  f1-score        support
0              0.999493  0.999999  0.999746  757424.000000
1              0.000000  0.000000  0.000000     384.000000
accuracy       0.999492  0.999492  0.999492       0.999492
macro avg      0.499747  0.499999  0.499873  757808.000000
weighted avg   0.998987  0.999492  0.999239  757808.000000

./scripts/pred/statistics/tn_county_level_LogisticRegression_report2.txt:
AUC: 0.6585365853658536
              precision    recall  f1-score   support
0              0.666667  0.512821  0.579710   78.0000
1              0.620000  0.756098  0.681319   82.0000
accuracy       0.637500  0.637500  0.637500    0.6375
macro avg      0.643333  0.634459  0.630514  160.0000
weighted avg   0.642750  0.637500  0.631785  160.0000

./scripts/pred/statistics/pa_driver_level_report.txt:
AUC: 0.937597283483067
              precision    recall  f1-score       support
0              0.998668  0.999999  0.999333  9.954658e+06
1              0.500000  0.000376  0.000752  1.328300e+04
accuracy       0.998667  0.998667  0.998667  9.986674e-01
macro avg      0.749334  0.500188  0.500043  9.967941e+06
weighted avg   0.998003  0.998667  0.998003  9.967941e+06

./scripts/pred/statistics/pa_driver_level_XGBoost_report2.txt:
AUC: 0.8027217562117386
              precision    recall  f1-score       support
0              0.998674  0.999856  0.999264  9.954658e+06
1              0.043941  0.004969  0.008928  1.328300e+04
accuracy       0.998530  0.998530  0.998530  9.985300e-01
macro avg      0.521308  0.502412  0.504096  9.967941e+06
weighted avg   0.997402  0.998530  0.997945  9.967941e+06

./scripts/pred/statistics/sc_county_level_XGBoost_report2.txt:
AUC: 0.6116402116402117
              precision    recall  f1-score     support
0              0.606061  0.533333  0.567376   75.000000
1              0.513889  0.587302  0.548148   63.000000
accuracy       0.557971  0.557971  0.557971    0.557971
macro avg      0.559975  0.560317  0.557762  138.000000
weighted avg   0.563982  0.557971  0.558598  138.000000

./scripts/pred/statistics/tn_county_level_RandomForest_report2.txt:
AUC: 0.652673545966229
              precision    recall  f1-score  support
0              0.592105  0.576923  0.584416     78.0
1              0.607143  0.621951  0.614458     82.0
accuracy       0.600000  0.600000  0.600000      0.6
macro avg      0.599624  0.599437  0.599437    160.0
weighted avg   0.599812  0.600000  0.599812    160.0

./scripts/pred/statistics/pa_county_level_XGBoost_report2.txt:
AUC: 0.9718906430496728
              precision    recall  f1-score     support
0              0.943396  0.943396  0.943396   53.000000
1              0.938776  0.938776  0.938776   49.000000
accuracy       0.941176  0.941176  0.941176    0.941176
macro avg      0.941086  0.941086  0.941086  102.000000
weighted avg   0.941176  0.941176  0.941176  102.000000

./scripts/pred/statistics/pa_county_level_report.txt:
AUC: 0.9543704274162496
              precision    recall  f1-score     support
0              0.938776  0.867925  0.901961   53.000000
1              0.867925  0.938776  0.901961   49.000000
accuracy       0.901961  0.901961  0.901961    0.901961
macro avg      0.903350  0.903350  0.901961  102.000000
weighted avg   0.904739  0.901961  0.901961  102.000000

Predicted Probabilities:
 No Risk  High Risk
    0.91       0.09
    0.30       0.70
    0.91       0.09
    1.00       0.00
    0.20       0.80
    0.80       0.20
    0.98       0.02
    0.21       0.79
    0.63       0.37
    0.54       0.46
    0.93       0.07
    0.98       0.02
    0.97       0.03
    0.46       0.54
    0.39       0.61
    0.99       0.01
    0.20       0.80
    0.36       0.64
    0.07       0.93
    0.33       0.67
    0.91       0.09
    0.24       0.76
    0.38       0.62
    0.31       0.69
    0.84       0.16
    1.00       0.00
    0.32       0.68
    0.98       0.02
    0.71       0.29
    0.91       0.09
    0.41       0.59
    0.43       0.57
    0.95       0.05
    0.30       0.70
    0.15       0.85
    0.18       0.82
    1.00       0.00
    0.43       0.57
    0.96       0.04
    0.22       0.78
    0.83       0.17
    0.95       0.05
    0.49       0.51
    0.18       0.82
    0.20       0.80
    0.37       0.63
    0.46       0.54
    0.38       0.62
    0.92       0.08
    0.95       0.05
    0.44       0.56
    0.97       0.03
    0.96       0.04
    0.98       0.02
    0.94       0.06
    0.36       0.64
    0.14       0.86
    1.00       0.00
    0.85       0.15
    0.30       0.70
    0.31       0.69
    0.18       0.82
    0.24       0.76
    0.92       0.08
    0.23       0.77
    1.00       0.00
    0.48       0.52
    0.14       0.86
    0.23       0.77
    0.90       0.10
    0.24       0.76
    0.34       0.66
    0.48       0.52
    1.00       0.00
    0.32       0.68
    0.20       0.80
    0.47       0.53
    0.32       0.68
    0.91       0.09
    0.86       0.14
    1.00       0.00
    0.96       0.04
    0.91       0.09
    0.50       0.50
    0.27       0.73
    0.15       0.85
    0.92       0.08
    0.18       0.82
    0.98       0.02
    0.98       0.02
    0.97       0.03
    0.38       0.62
    0.90       0.10
    0.23       0.77
    0.99       0.01
    0.49       0.51
    0.44       0.56
    0.95       0.05
    0.45       0.55
    0.97       0.03
    0.40       0.60
    0.85       0.15

./scripts/pred/statistics/tn_driver_level_report.txt:
AUC: 0.653911149774278
              precision    recall  f1-score       support
0              0.999752  1.000000  0.999876  2.849958e+06
1              0.000000  0.000000  0.000000  7.070000e+02
accuracy       0.999752  0.999752  0.999752  9.997516e-01
macro avg      0.499876  0.500000  0.499938  2.850665e+06
weighted avg   0.999504  0.999752  0.999628  2.850665e+06

./scripts/pred/statistics/tn_driver_level_LogisticRegression_report2.txt:
AUC: 0.7473183904673996
              precision    recall  f1-score       support
0              0.999752  1.000000  0.999876  2.849958e+06
1              0.000000  0.000000  0.000000  7.070000e+02
accuracy       0.999752  0.999752  0.999752  9.997520e-01
macro avg      0.499876  0.500000  0.499938  2.850665e+06
weighted avg   0.999504  0.999752  0.999628  2.850665e+06

./scripts/pred/statistics/sc_county_level_report.txt:
AUC: 0.6173544973544973
              precision    recall  f1-score     support
0              0.606061  0.533333  0.567376   75.000000
1              0.513889  0.587302  0.548148   63.000000
accuracy       0.557971  0.557971  0.557971    0.557971
macro avg      0.559975  0.560317  0.557762  138.000000
weighted avg   0.563982  0.557971  0.558598  138.000000

Predicted Probabilities:
 No Risk  High Risk
    0.27       0.73
    0.23       0.77
    0.33       0.67
    0.34       0.66
    0.31       0.69
    0.82       0.18
    0.65       0.35
    0.33       0.67
    0.46       0.54
    0.50       0.50
    0.39       0.61
    0.53       0.47
    0.80       0.20
    0.29       0.71
    0.47       0.53
    0.73       0.27
    0.52       0.48
    0.70       0.30
    0.48       0.52
    0.40       0.60
    0.48       0.52
    0.27       0.73
    0.31       0.69
    0.61       0.39
    0.55       0.45
    0.27       0.73
    0.66       0.34
    0.48       0.52
    0.29       0.71
    0.40       0.60
    0.44       0.56
    0.13       0.87
    0.76       0.24
    0.47       0.53
    0.39       0.61
    0.76       0.24
    0.53       0.47
    0.58       0.42
    0.72       0.28
    0.57       0.43
    0.48       0.52
    0.28       0.72
    0.74       0.26
    0.50       0.50
    0.31       0.69
    0.58       0.42
    0.46       0.54
    0.35       0.65
    0.65       0.35
    0.71       0.29
    0.37       0.63
    0.90       0.10
    0.38       0.62
    0.62       0.38
    0.62       0.38
    0.58       0.42
    0.60       0.40
    0.30       0.70
    0.82       0.18
    0.30       0.70
    0.57       0.43
    0.23       0.77
    0.44       0.56
    0.42       0.58
    0.27       0.73
    0.49       0.51
    0.73       0.27
    0.70       0.30
    0.65       0.35
    0.83       0.17
    0.45       0.55
    0.33       0.67
    0.71       0.29
    0.48       0.52
    0.66       0.34
    0.59       0.41
    0.60       0.40
    0.81       0.19
    0.44       0.56
    0.47       0.53
    0.58       0.42
    0.29       0.71
    0.18       0.82
    0.25       0.75
    0.67       0.33
    0.47       0.53
    0.55       0.45
    0.44       0.56
    0.44       0.56
    0.28       0.72
    0.78       0.22
    0.62       0.38
    0.58       0.42
    0.65       0.35
    0.26       0.74
    0.35       0.65
    0.70       0.30
    0.35       0.65
    0.32       0.68
    0.69       0.31
    0.90       0.10
    0.40       0.60
    0.68       0.32
    0.51       0.49
    0.65       0.35
    0.71       0.29
    0.64       0.36
    0.82       0.18
    0.47       0.53
    0.56       0.44
    0.58       0.42
    0.73       0.27
    0.37       0.63
    0.26       0.74
    0.48       0.52
    0.19       0.81
    0.56       0.44
    0.39       0.61
    0.69       0.31
    0.46       0.54
    0.49       0.51
    0.17       0.83
    0.67       0.33
    0.50       0.50
    0.36       0.64
    0.48       0.52
    0.42       0.58
    0.45       0.55
    0.27       0.73
    0.67       0.33
    0.31       0.69
    0.61       0.39
    0.48       0.52
    0.58       0.42
    0.51       0.49
    0.47       0.53
    0.38       0.62
    0.77       0.23

./scripts/pred/statistics/sc_county_level_LogisticRegression_report2.txt:
AUC: 0.5369312169312169
              precision    recall  f1-score     support
0              0.533333  0.960000  0.685714   75.000000
1              0.000000  0.000000  0.000000   63.000000
accuracy       0.521739  0.521739  0.521739    0.521739
macro avg      0.266667  0.480000  0.342857  138.000000
weighted avg   0.289855  0.521739  0.372671  138.000000

./scripts/pred/statistics/pa_county_level_RandomForest_report2.txt:
AUC: 0.9543704274162496
              precision    recall  f1-score     support
0              0.938776  0.867925  0.901961   53.000000
1              0.867925  0.938776  0.901961   49.000000
accuracy       0.901961  0.901961  0.901961    0.901961
macro avg      0.903350  0.903350  0.901961  102.000000
weighted avg   0.904739  0.901961  0.901961  102.000000

./scripts/pred/statistics/pa_county_level_LogisticRegression_report2.txt:
AUC: 0.8656141701963805
              precision    recall  f1-score     support
0              0.714286  0.849057  0.775862   53.000000
1              0.794872  0.632653  0.704545   49.000000
accuracy       0.745098  0.745098  0.745098    0.745098
macro avg      0.754579  0.740855  0.740204  102.000000
weighted avg   0.752999  0.745098  0.741602  102.000000

./scripts/pred/statistics/pa_driver_level_RandomForest_report2.txt:
AUC: 0.937597283483067
              precision    recall  f1-score       support
0              0.998668  0.999999  0.999333  9.954658e+06
1              0.500000  0.000376  0.000752  1.328300e+04
accuracy       0.998667  0.998667  0.998667  9.986674e-01
macro avg      0.749334  0.500188  0.500043  9.967941e+06
weighted avg   0.998003  0.998667  0.998003  9.967941e+06

./scripts/pred/statistics/tn_driver_level_XGBoost_report2.txt:
AUC: 0.8681161970978717
              precision    recall  f1-score       support
0              0.999752  1.000000  0.999876  2.849958e+06
1              0.000000  0.000000  0.000000  7.070000e+02
accuracy       0.999752  0.999752  0.999752  9.997520e-01
macro avg      0.499876  0.500000  0.499938  2.850665e+06
weighted avg   0.999504  0.999752  0.999628  2.850665e+06

./scripts/pred/statistics/pa_driver_level_LogisticRegression_report2.txt:
AUC: 0.4496477252045179
              precision    recall  f1-score       support
0              0.998667  1.000000  0.999333  9.954658e+06
1              0.000000  0.000000  0.000000  1.328300e+04
accuracy       0.998667  0.998667  0.998667  9.986674e-01
macro avg      0.499334  0.500000  0.499667  9.967941e+06
weighted avg   0.997337  0.998667  0.998002  9.967941e+06

./scripts/pred/statistics/tn_driver_level_RandomForest_report2.txt:
AUC: 0.653911149774278
              precision    recall  f1-score       support
0              0.999752  1.000000  0.999876  2.849958e+06
1              0.000000  0.000000  0.000000  7.070000e+02
accuracy       0.999752  0.999752  0.999752  9.997516e-01
macro avg      0.499876  0.500000  0.499938  2.850665e+06
weighted avg   0.999504  0.999752  0.999628  2.850665e+06

./scripts/pred/statistics/sc_county_level_RandomForest_report2.txt:
AUC: 0.6173544973544973
              precision    recall  f1-score     support
0              0.606061  0.533333  0.567376   75.000000
1              0.513889  0.587302  0.548148   63.000000
accuracy       0.557971  0.557971  0.557971    0.557971
macro avg      0.559975  0.560317  0.557762  138.000000
weighted avg   0.563982  0.557971  0.558598  138.000000

./scripts/pred/statistics/sc_driver_level_LogisticRegression_report2.txt:
AUC: 0.579717257867346
              precision    recall  f1-score        support
0              0.999493  1.000000  0.999747  757424.000000
1              0.000000  0.000000  0.000000     384.000000
accuracy       0.999493  0.999493  0.999493       0.999493
macro avg      0.499747  0.500000  0.499873  757808.000000
weighted avg   0.998987  0.999493  0.999240  757808.000000

./scripts/pred/statistics/sc_driver_level_RandomForest_report2.txt:
AUC: 0.5209122603940022
              precision    recall  f1-score        support
0              0.999493  0.999999  0.999746  757424.000000
1              0.000000  0.000000  0.000000     384.000000
accuracy       0.999492  0.999492  0.999492       0.999492
macro avg      0.499747  0.499999  0.499873  757808.000000
weighted avg   0.998987  0.999492  0.999239  757808.000000

